{
	title: Elemental Minor
	data: [
	// NA
	{   type: elemental
	start: 75
	end: 150
	min: 1
	max: 50
	A: 85
	B: 101
	C: 114
	D: 127
	E: 140

	pow0: 1.000000
	pow1: 1.000000
}
	// LT
	{   type: elemental
	start: 67
	end: 150
	min: 1
	max: 45
	A: 96
	B: 111
	C: 123
	D: 136
	E: 148

	pow0: 0.900000
	pow1: 1.050000
}
	// MD
	{   type: elemental
	start: 60
	end: 150
	min: 1
	max: 40
	A: 111
	B: 125
	C: 135
	D: 146
	E: 157

	pow0: 0.810000
	pow1: 1.102500
}
	// HY
	{   type: elemental
	start: 54
	end: 150
	min: 1
	max: 35
	A: 130
	B: 141
	C: 149
	D: 158
	E: 167

	pow0: 0.729000
	pow1: 1.157625
}

    ]
}