{
	title: Elemental Greater
	data: [
	// NA
	{   type: elemental
	start: 75
	end: 160
	min: 1
	max: 50
	A: 85
	B: 103
	C: 118
	D: 133
	E: 148

	pow0: 1.000000
	pow1: 1.000000
}
	// LT
	{   type: elemental
	start: 67
	end: 160
	min: 1
	max: 45
	A: 96
	B: 114
	C: 128
	D: 142
	E: 157

	pow0: 0.900000
	pow1: 1.050000
}
	// MD
	{   type: elemental
	start: 60
	end: 160
	min: 1
	max: 40
	A: 111
	B: 127
	C: 140
	D: 153
	E: 166

	pow0: 0.810000
	pow1: 1.102500
}
	// HY
	{   type: elemental
	start: 54
	end: 160
	min: 1
	max: 35
	A: 130
	B: 144
	C: 155
	D: 166
	E: 176

	pow0: 0.729000
	pow1: 1.157625
}

    ]
}