{
	title: Broadsword
	data: [
	// NA
	{   type: slash_NA
	start: 75
	end: 150
	min: 1
	max: 50
	A: 85
	B: 101
	C: 114
	D: 127
	E: 140

	pow0: 1.000000
	pow1: 1.000000
}
	// LT
	{   type: slash_LT
	start: 66
	end: 150
	min: 1
	max: 45
	A: 96
	B: 111
	C: 123
	D: 136
	E: 148

	pow0: 0.890000
	pow1: 1.050000
}
	// MD
	{   type: slash_MD
	start: 59
	end: 150
	min: 1
	max: 40
	A: 111
	B: 125
	C: 135
	D: 146
	E: 157

	pow0: 0.792100
	pow1: 1.102500
}
	// HY
	{   type: slash_HY
	start: 52
	end: 150
	min: 1
	max: 35
	A: 130
	B: 141
	C: 149
	D: 158
	E: 167

	pow0: 0.704969
	pow1: 1.157625
}

    ]
}