{
	title: Elemental Normal
	data: [
	// NA
	{   type: elemental
	start: 75
	end: 170
	min: 1
	max: 50
	A: 85
	B: 106
	C: 123
	D: 140
	E: 157

	pow0: 1.000000
	pow1: 1.000000
}
	// LT
	{   type: elemental
	start: 67
	end: 170
	min: 1
	max: 45
	A: 96
	B: 116
	C: 133
	D: 149
	E: 166

	pow0: 0.900000
	pow1: 1.050000
}
	// MD
	{   type: elemental
	start: 60
	end: 170
	min: 1
	max: 40
	A: 111
	B: 130
	C: 145
	D: 160
	E: 176

	pow0: 0.810000
	pow1: 1.102500
}
	// HY
	{   type: elemental
	start: 54
	end: 170
	min: 1
	max: 35
	A: 130
	B: 146
	C: 160
	D: 173
	E: 186

	pow0: 0.729000
	pow1: 1.157625
}

    ]
}